0006 0002 0258
001C 0102 0055 0009 0003 0000 0000 0000 0055 0009 0003 000A 0010 0000
000E 0206 4558 414D 504C 452E 4442
0014 0305 3E41 8937 4BC6 A7EF 3944 B82F A09B 5A51
001C 0502 0055 0007 000C 000B 001C 0009 0055 0008 001C 000F 0039 003A
000C 0606 4558 414D 504C 4532
0004 0800
0006 2601 0001
0006 0D02 0002
0006 0E02 0003
0024 1003 0000 0032 0000 0118 0000 0078 0000 0118 0000 0050 0000 0154 0000 0032 0000 0118
0004 1100
0004 0900
0006 0D02 0004
0006 0E02 003F
0006 2102 0001
0008 0F03 0000 03E8
0024 1003 0000 000F 0000 000E 0000 001A 0000 000E 0000 0022 0000 0009 0000 0016 0000 0006
0004 1100
0004 0700
001C 0502 0055 0007 000C 000B 001C 0009 0055 0008 001C 000F 0039 003A
000C 0606 5352 4546 5F45 584D
0004 0A00
000C 2106 4558 414D 504C 4532
0006 1A01 0004
000C 1C05 425A 0000 0000 0000
000C 1003 0000 012C 0000 012C
0004 1100
0004 0700
0004 0400